[0, 1]:[0]:1.3350156545639038
[0, 1, 2, 3]:[0, 1, 2]:1.3370379209518433
[2, 3]:[1, 2]:1.33036470413208
[2, 3, 4]:[1, 2, 3, 4]:1.3236292600631714
[2, 3, 4, 5]:[1, 2, 3, 4, 5, 6]:0.1861746460199356
[4]:[3, 4]:1.208153247833252
[4, 5]:[3, 4, 5, 6]:1.2247530221939087
[4, 5, 6]:[3, 4, 5, 6, 7, 8]:1.2660529613494873
[5]:[5, 6]:1.3308722972869873
[5, 6]:[5, 6, 7, 8]:1.3462742567062378
[5, 6, 7]:[5, 6, 7, 8, 9]:1.2471568584442139
[6]:[7, 8]:1.1942901611328125
[6, 7]:[7, 8, 9]:1.1795705556869507
[6, 7, 8]:[7, 8, 9, 10, 11, 12, 13, 14]:1.1606509685516357
[7]:[9]:1.0881587266921997
[7, 8]:[9, 10, 11, 12, 13, 14]:1.134318470954895
[7, 8, 9]:[9, 10, 11, 12, 13, 14, 15]:1.1404181718826294
[8]:[10, 11, 12, 13, 14]:1.128238320350647
[8, 9]:[10, 11, 12, 13, 14, 15]:1.1644153594970703
[8, 9, 10, 11, 12]:[10, 11, 12, 13, 14, 15, 16, 17]:1.2509183883666992
[9, 10, 11, 12]:[15, 16, 17]:1.2497212886810303
[10, 11, 12]:[16, 17]:1.3670868873596191
[15, 16, 17]:[21]:1.2235090732574463
[15, 16, 17, 18]:[21, 22]:1.1953833103179932
[15, 16, 17, 18, 19, 20, 21, 22]:[21, 22, 23]:0.08557723462581635
[18, 19, 20, 21, 22]:[22, 23]:1.2112866640090942
[18, 19, 20, 21, 22, 23, 24, 25]:[22, 23, 24]:1.2377490997314453
[19, 20, 21, 22]:[23]:1.2092483043670654
[19, 20, 21, 22, 23, 24, 25]:[23, 24]:1.2381922006607056
[23, 24, 25]:[24]:1.2406044006347656
[26, 27, 28]:[25, 26]:1.3683894872665405
[27, 28]:[26]:1.2278567552566528
[29, 30]:[27, 28, 29]:1.3564786911010742
[29, 30, 31, 32]:[27, 28, 29, 30]:1.1884725093841553
[30]:[28, 29]:1.2954051494598389
[30, 31, 32]:[28, 29, 30]:1.1605281829833984
[30, 31, 32, 33]:[28, 29, 30, 31]:1.2138947248458862
[31, 32]:[30]:1.0863338708877563
[31, 32, 33]:[30, 31]:1.165494441986084
[31, 32, 33, 34]:[30, 31, 32]:1.1757911443710327
[33]:[31]:1.1129915714263916
[33, 34]:[31, 32]:1.14817476272583
[33, 34, 35]:[31, 32, 33, 34]:1.185387372970581
[34]:[32]:1.4164904356002808
[34, 35]:[32, 33, 34]:1.2425892353057861
[35]:[33, 34]:1.2236236333847046
[38]:[37]:1.2958894968032837
[38, 39]:[37, 38, 39]:1.2504796981811523
[38, 39, 40]:[37, 38, 39, 40]:1.234005331993103
[39]:[38, 39]:1.2613874673843384
[39, 40]:[38, 39, 40]:1.2359808683395386
[39, 40, 41]:[38, 39, 40, 41]:1.2200721502304077
[40]:[40]:1.3124476671218872
[40, 41]:[40, 41]:1.3018579483032227
[41]:[41]:1.4065197706222534
[42]:[42]:1.3383992910385132
[42, 43, 44]:[42, 43]:1.2100520133972168
[42, 43, 44, 45]:[42, 43, 44]:1.2045789957046509
[43, 44]:[43]:1.0999542474746704
[43, 44, 45]:[43, 44]:1.1567026376724243
[43, 44, 45, 46]:[43, 44, 45, 46]:1.1706842184066772
[45, 46]:[44, 45, 46]:1.2525595426559448
[45, 46, 47, 48, 49]:[44, 45, 46, 47]:1.2376316785812378
[46]:[45, 46]:1.2489293813705444
[46, 47, 48, 49]:[45, 46, 47]:1.2551352977752686
[47, 48, 49]:[47]:1.3640673160552979
[50, 51, 52]:[48, 49, 50, 51]:1.277595043182373
[50, 51, 52, 53]:[48, 49, 50, 51, 52]:1.2647143602371216
[51, 52]:[49, 50, 51]:1.2908116579055786
[51, 52, 53]:[49, 50, 51, 52]:1.2772111892700195
[53]:[52]:1.484663724899292
[53, 54, 55]:[52, 53, 54, 55]:1.1810922622680664
[53, 54, 55, 56, 57]:[52, 53, 54, 55, 56]:1.1924694776535034
[54, 55]:[53, 54, 55]:1.1613208055496216
[54, 55, 56, 57]:[53, 54, 55, 56]:1.1912592649459839
[54, 55, 56, 57, 58, 59, 60]:[53, 54, 55, 56, 57]:1.1684231758117676
[56, 57]:[56]:1.4269911050796509
[56, 57, 58, 59, 60]:[56, 57]:1.2515380382537842
[56, 57, 58, 59, 60, 61, 62]:[56, 57, 58, 59]:1.213119387626648
[58, 59, 60]:[57]:1.2321895360946655
[58, 59, 60, 61, 62]:[57, 58, 59]:1.2195171117782593
[58, 59, 60, 61, 62, 63]:[57, 58, 59, 60]:1.2092525959014893
[61, 62]:[58, 59]:1.2719284296035767
[61, 62, 63]:[58, 59, 60]:1.253537654876709
[61, 62, 63, 64]:[58, 59, 60, 61]:1.2539806365966797
[63]:[60]:1.4528162479400635
[63, 64]:[60, 61]:1.3302181959152222
[64]:[61]:1.3515465259552002
[65]:[62, 63]:1.3142685890197754
[65, 66, 67]:[62, 63, 64]:1.2234017848968506
[65, 66, 67, 68]:[62, 63, 64, 65]:1.1685802936553955
[66, 67]:[64]:1.0834463834762573
[66, 67, 68]:[64, 65]:1.0648125410079956
[68]:[65]:1.0330876111984253
[69]:[66]:1.4300209283828735
[69, 70, 71]:[66, 67, 68, 69]:1.3257421255111694
[69, 70, 71, 72]:[66, 67, 68, 69, 70]:1.2185466289520264
[70, 71]:[67, 68, 69]:1.3363767862319946
[70, 71, 72]:[67, 68, 69, 70]:1.202721357345581
[72]:[70]:1.110054612159729
[75]:[73]:1.1729469299316406
[75, 76]:[73, 74, 75, 76]:1.2139761447906494
[75, 76, 77]:[73, 74, 75, 76, 77]:1.1919053792953491
[76]:[74, 75, 76]:1.249001383781433
[76, 77]:[74, 75, 76, 77]:1.1943385601043701
[76, 77, 78, 79]:[74, 75, 76, 77, 78]:1.1984597444534302
[77]:[77]:1.1567623615264893
[77, 78, 79]:[77, 78]:1.1714552640914917
[77, 78, 79, 80]:[77, 78, 79]:1.1811161041259766
[78, 79]:[78]:1.3513139486312866
[78, 79, 80]:[78, 79]:1.2659817934036255
[78, 79, 80, 81]:[78, 79, 80, 81]:1.2731378078460693
[80]:[79]:1.3503856658935547
[80, 81]:[79, 80, 81]:1.347058653831482
[80, 81, 82]:[79, 80, 81, 82, 83]:1.2700642347335815
[81]:[80, 81]:1.3759348392486572
[81, 82]:[80, 81, 82, 83]:1.2782660722732544
[81, 82, 83, 84, 85, 86]:[80, 81, 82, 83, 84, 85]:1.2340182065963745
[82]:[82, 83]:1.2801400423049927
[82, 83, 84, 85, 86]:[82, 83, 84, 85]:1.2543021440505981
[82, 83, 84, 85, 86, 87]:[82, 83, 84, 85, 86]:1.2316763401031494
[83, 84, 85, 86]:[84, 85]:1.303525686264038
[83, 84, 85, 86, 87]:[84, 85, 86]:1.2934688329696655
[83, 84, 85, 86, 87, 88, 89]:[84, 85, 86, 87]:1.2710241079330444
[87]:[86]:1.5734193325042725
[87, 88, 89]:[86, 87]:1.3157986402511597
[87, 88, 89, 90]:[86, 87, 88]:1.2571239471435547
[88, 89]:[87]:1.2897448539733887
[88, 89, 90]:[87, 88]:1.2572475671768188
[88, 89, 90, 91]:[87, 88, 89]:1.211340308189392
[90]:[88]:1.2764736413955688
[90, 91]:[88, 89]:1.2099645137786865
[90, 91, 92, 93]:[88, 89, 90]:1.2548556327819824
[91]:[89]:1.274259328842163
[91, 92, 93]:[89, 90]:1.2513535022735596
[91, 92, 93, 94, 95, 96, 97, 98]:[89, 90, 91]:1.1907285451889038
[92, 93]:[90]:1.3199892044067383
[92, 93, 94, 95, 96, 97, 98]:[90, 91]:1.2178295850753784
[92, 93, 94, 95, 96, 97, 98, 99, 100]:[90, 91, 92]:1.2227345705032349
[94, 95, 96, 97, 98]:[91]:1.2257806062698364
[94, 95, 96, 97, 98, 99, 100]:[91, 92]:1.2100807428359985
[94, 95, 96, 97, 98, 99, 100, 101]:[91, 92, 93, 94]:1.2303520441055298
[99, 100]:[92]:1.1730334758758545
[99, 100, 101]:[92, 93, 94]:1.184470295906067
[99, 100, 101, 102]:[92, 93, 94, 95]:1.2034434080123901
[101]:[93, 94]:1.169565200805664
[101, 102]:[93, 94, 95]:1.2015655040740967
[101, 102, 103, 104]:[93, 94, 95, 96, 97]:1.2116259336471558
[102, 103, 104]:[95, 96, 97]:1.1969667673110962
[102, 103, 104, 105]:[95, 96, 97, 98]:1.209611177444458
[103, 104]:[96, 97]:1.29249906539917
[103, 104, 105]:[96, 97, 98]:1.2772387266159058
[103, 104, 105, 106]:[96, 97, 98, 99]:1.2579331398010254
[105]:[98]:1.2348811626434326
[105, 106]:[98, 99]:1.2492036819458008
[105, 106, 107]:[98, 99, 100, 101]:1.2009514570236206
[106]:[99]:1.200711727142334
[106, 107]:[99, 100, 101]:1.1651957035064697
[106, 107, 108, 109]:[99, 100, 101, 102]:1.1911463737487793
[107]:[100, 101]:1.2501941919326782
[107, 108, 109]:[100, 101, 102]:1.2297612428665161
[107, 108, 109, 110]:[100, 101, 102, 103, 104]:1.235446572303772
[108, 109]:[102]:1.2311451435089111
[108, 109, 110]:[102, 103, 104]:1.2576361894607544
[108, 109, 110, 111]:[102, 103, 104, 105]:1.2097457647323608
[110]:[103, 104]:1.3806205987930298
[110, 111]:[103, 104, 105]:1.278188943862915
[110, 111, 112]:[103, 104, 105, 106]:1.2741659879684448
[111]:[105]:1.1295435428619385
[111, 112]:[105, 106]:1.209503173828125
[111, 112, 113, 114, 115]:[105, 106, 107]:1.2116883993148804
[112]:[106]:1.1202019453048706
[112, 113, 114, 115]:[106, 107]:1.1690884828567505
[112, 113, 114, 115, 116]:[106, 107, 108, 109]:1.188146948814392
[113, 114, 115]:[107]:1.2568005323410034
[113, 114, 115, 116]:[107, 108, 109]:1.2066028118133545
[113, 114, 115, 116, 117, 118]:[107, 108, 109, 110]:1.163909912109375
[116]:[108, 109]:1.2169028520584106
[116, 117, 118]:[108, 109, 110]:1.1817601919174194
[117, 118]:[110]:1.1025956869125366
[120, 121, 122, 123]:[112]:1.2024729251861572
[124]:[113, 114]:1.1568553447723389
[125, 126]:[115]:1.1864110231399536
[125, 126, 127, 128]:[115, 116, 117, 118]:1.210969090461731
[127, 128]:[116, 117, 118]:1.262162685394287
[127, 128, 129, 130]:[116, 117, 118, 119]:1.2568517923355103
[129, 130]:[119]:1.3153990507125854
[129, 130, 131]:[119, 120]:1.1582911014556885
[131]:[120]:1.1369386911392212
[131, 132, 133, 134, 135]:[120, 121]:1.2149381637573242
[132, 133, 134, 135]:[121]:1.182466745376587
[132, 133, 134, 135, 136, 137]:[121, 122, 123]:1.204866886138916
[132, 133, 134, 135, 136, 137, 138]:[121, 122, 123, 124]:1.1970927715301514
[136, 137]:[122, 123]:1.331563949584961
[136, 137, 138]:[122, 123, 124]:1.2634836435317993
[136, 137, 138, 139]:[122, 123, 124, 125]:1.2284226417541504
[138]:[124]:1.3175439834594727
[138, 139]:[124, 125]:1.1461542844772339
[138, 139, 140]:[124, 125, 126, 127]:1.1820558309555054
[139]:[125]:1.0884846448898315
[139, 140]:[125, 126, 127]:1.1281145811080933
[139, 140, 141, 142, 143, 144]:[125, 126, 127, 128]:1.1951020956039429
[140]:[126, 127]:1.181792140007019
[140, 141, 142, 143, 144]:[126, 127, 128]:1.1980509757995605
[140, 141, 142, 143, 144, 145]:[126, 127, 128, 129]:1.2550081014633179
[141, 142, 143, 144]:[128]:1.2709442377090454
[141, 142, 143, 144, 145]:[128, 129]:1.3788851499557495
[141, 142, 143, 144, 145, 146]:[128, 129, 130, 131]:1.2995141744613647
[145]:[129]:1.371590495109558
[145, 146]:[129, 130, 131]:1.222103476524353
[145, 146, 147, 148, 149]:[129, 130, 131, 132]:1.2150195837020874
[146]:[130, 131]:1.2951314449310303
[146, 147, 148, 149]:[130, 131, 132]:1.2381211519241333
[146, 147, 148, 149, 150]:[130, 131, 132, 133]:1.2200552225112915
[147, 148, 149]:[132]:1.1956101655960083
[147, 148, 149, 150]:[132, 133]:1.2262979745864868
[147, 148, 149, 150, 151, 152, 153]:[132, 133, 134]:1.2058757543563843
[150]:[133]:1.4451848268508911
[150, 151, 152, 153]:[133, 134]:1.2221274375915527
[150, 151, 152, 153, 154, 155, 156, 157]:[133, 134, 135]:1.2214128971099854
[151, 152, 153]:[134]:1.2211096286773682
[151, 152, 153, 154, 155, 156, 157]:[134, 135]:1.2045978307724
[154, 155, 156, 157]:[135]:1.3261898756027222
[158, 159]:[136, 137, 138, 139, 140]:1.2231318950653076
[158, 159, 160]:[136, 137, 138, 139, 140, 141, 142, 143]:1.2256568670272827
[159]:[137, 138, 139, 140]:1.177878737449646
[159, 160]:[137, 138, 139, 140, 141, 142, 143]:1.2235649824142456
[160]:[141, 142, 143]:1.3111685514450073
[160, 161]:[141, 142, 143, 144, 145, 146, 147, 148]:1.3093734979629517
[161]:[144, 145, 146, 147, 148]:1.344469428062439
[163]:[150]:1.071333885192871
[163, 164]:[150, 151]:1.2519851922988892
[163, 164, 165]:[150, 151, 152]:1.1949201822280884
[164]:[151]:1.1301027536392212
[164, 165]:[151, 152]:1.1060123443603516
[164, 165, 166, 167, 168]:[151, 152, 153]:1.1706159114837646
[165, 166, 167, 168]:[152, 153]:1.195812702178955
[165, 166, 167, 168, 169, 170]:[152, 153, 154]:1.1845041513442993
[166, 167, 168]:[153]:1.1316637992858887
[166, 167, 168, 169, 170]:[153, 154]:1.2296570539474487
[166, 167, 168, 169, 170, 171]:[153, 154, 155]:1.276656985282898
[169, 170]:[154]:1.4044389724731445
[169, 170, 171]:[154, 155]:1.3578583002090454
[171]:[155]:1.2877639532089233
[173, 174]:[158, 159]:1.258744239807129
[173, 174, 175]:[158, 159, 160, 161, 162]:1.2820810079574585
[175]:[160, 161, 162]:1.3558928966522217
[175, 176]:[160, 161, 162, 163]:1.3315701484680176
[175, 176, 177]:[160, 161, 162, 163, 164]:1.287860631942749
[176]:[163]:1.32170832157135
[176, 177]:[163, 164]:1.293733835220337
[176, 177, 178]:[163, 164, 165]:1.1970911026000977
[177]:[164]:1.2643795013427734
[177, 178]:[164, 165]:1.212266445159912
[177, 178, 179]:[164, 165, 166, 167, 168]:1.2149791717529297
[178]:[165]:1.0702069997787476
[178, 179]:[165, 166, 167, 168]:1.189428687095642
[178, 179, 180, 181, 182]:[165, 166, 167, 168, 169]:1.1679766178131104
[179]:[166, 167, 168]:1.2264498472213745
[179, 180, 181, 182]:[166, 167, 168, 169]:1.1585649251937866
[179, 180, 181, 182, 183]:[166, 167, 168, 169, 170]:1.1719461679458618
[180, 181, 182]:[169]:1.179837703704834
[180, 181, 182, 183]:[169, 170]:1.2018711566925049
[180, 181, 182, 183, 184, 185, 186]:[169, 170, 171, 172]:1.2055649757385254
[183]:[170]:1.3896054029464722
[183, 184, 185, 186]:[170, 171, 172]:1.2475674152374268
[183, 184, 185, 186, 187, 188]:[170, 171, 172, 173]:1.2145577669143677
[184, 185, 186]:[171, 172]:1.2807142734527588
[184, 185, 186, 187, 188]:[171, 172, 173]:1.2305289506912231
[184, 185, 186, 187, 188, 189]:[171, 172, 173, 174]:1.233944058418274
[187, 188]:[173]:1.2366280555725098
[187, 188, 189]:[173, 174]:1.2554876804351807
[187, 188, 189, 190]:[173, 174, 175]:1.234576940536499
[189]:[174]:1.0147701501846313
[189, 190]:[174, 175]:1.1661286354064941
[189, 190, 191]:[174, 175, 176, 177]:1.1871739625930786
[190]:[175]:1.3072658777236938
[190, 191]:[175, 176, 177]:1.2909899950027466
[190, 191, 192, 193, 194]:[175, 176, 177, 178]:1.2046033143997192
[191]:[176, 177]:1.518523931503296
[191, 192, 193, 194]:[176, 177, 178]:1.2460196018218994
[191, 192, 193, 194, 195]:[176, 177, 178, 179]:1.2746785879135132
[192, 193, 194]:[178]:1.2011966705322266
[192, 193, 194, 195]:[178, 179]:1.2556782960891724
[195]:[179]:1.112181544303894
[197]:[181]:1.0681266784667969
[197, 198]:[181, 182]:1.1967926025390625
[197, 198, 199]:[181, 182, 183]:1.2042979001998901
[198]:[182]:1.0632386207580566
[198, 199]:[182, 183]:1.078669548034668
[198, 199, 200]:[182, 183, 184]:1.199880838394165
[199]:[183]:1.26052725315094
[199, 200]:[183, 184]:1.3054077625274658
[199, 200, 201, 202]:[183, 184, 185, 186]:1.2466521263122559
[200]:[184]:1.2466297149658203
[200, 201, 202]:[184, 185, 186]:1.2279078960418701
[200, 201, 202, 203, 204]:[184, 185, 186, 187]:1.2204738855361938
[201, 202]:[185, 186]:1.2832952737808228
[201, 202, 203, 204]:[185, 186, 187]:1.2370871305465698
[201, 202, 203, 204, 205]:[185, 186, 187, 188]:1.2345787286758423
[203, 204]:[187]:1.2771077156066895
[203, 204, 205]:[187, 188]:1.2663025856018066
[203, 204, 205, 206, 207]:[187, 188, 189]:1.2217026948928833
[205]:[188]:1.341602087020874
[205, 206, 207]:[188, 189]:1.2196177244186401
[205, 206, 207, 208]:[188, 189, 190]:1.2314223051071167
[206, 207]:[189]:1.2220547199249268
[206, 207, 208]:[189, 190]:1.2325222492218018
[206, 207, 208, 209, 210]:[189, 190, 191]:1.2233020067214966
[208]:[190]:1.3579405546188354
[208, 209, 210]:[190, 191]:1.2426555156707764
[208, 209, 210, 211]:[190, 191, 192]:1.2402288913726807
[209, 210]:[191]:1.208149790763855
[209, 210, 211]:[191, 192]:1.2389801740646362
[209, 210, 211, 212]:[191, 192, 193]:1.2240734100341797
[211]:[192]:1.3860448598861694
[211, 212]:[192, 193]:1.2793315649032593
[211, 212, 213]:[192, 193, 194]:1.3128635883331299
[212]:[193]:0.09667982161045074
[212, 213]:[193, 194]:1.4033149480819702
[212, 213, 214, 215]:[193, 194, 195]:1.3323001861572266
[213]:[194]:0.28445369005203247
[213, 214, 215]:[194, 195]:1.28600013256073
[214, 215]:[195]:1.1912161111831665
[217]:[197, 198, 199]:1.2138538360595703
[217, 218]:[197, 198, 199, 200]:1.2189401388168335
[218]:[200]:1.1589233875274658
[220]:[202]:1.1291205883026123
[220, 221]:[202, 203]:1.2511250972747803
[220, 221, 222]:[202, 203, 204]:1.2146272659301758
[221]:[203]:1.2351409196853638
[221, 222]:[203, 204]:1.1699895858764648
[221, 222, 223]:[203, 204, 205, 206]:1.2319755554199219
[222]:[204]:1.096332311630249
[222, 223]:[204, 205, 206]:1.1805245876312256
[222, 223, 224]:[204, 205, 206, 207]:1.1729614734649658
[223]:[205, 206]:1.252707600593567
[223, 224]:[205, 206, 207]:1.221834421157837
[223, 224, 225, 226]:[205, 206, 207, 208, 209]:1.248871922492981
[224]:[207]:1.1380537748336792
[224, 225, 226]:[207, 208, 209]:1.175405502319336
[225, 226]:[208, 209]:1.3114023208618164
[227, 228]:[210, 211]:1.2619678974151611
[227, 228, 229, 230, 231, 232]:[210, 211, 212]:1.231763243675232
[229, 230, 231, 232]:[212]:1.2251811027526855
[229, 230, 231, 232, 233, 234]:[212, 213, 214]:1.2020570039749146
[233, 234]:[213, 214]:2.0272111892700195
