106528 174560
183840 216032
223776 317408
324640 375264
379936 454112
468512 488928
495136 528864
535072 579040
585760 688608
690720 712672
717344 756704
758304 789984
794144 817120
839712 859104
861216 870368
878624 966112
974368 986592
989728 1026528
1029664 1040864
1048608 1058272
1060384 1092576
1094176 1120736
1132576 1161696
1164832 1239008
1243680 1253344
1263648 1296864
1298464 1322976
1326112 1362912
1366560 1393120
1397792 1408992
1413152 1437664
1442336 1498080
1503264 1520096
1521696 1563616
1570336 1594336
1599520 1688032
1693728 1708512
1714720 1737184
1755168 1836000
1839136 1944032
1949728 2004960
2016800 2036704
2039328 2073056
2076704 2157536
2160672 2183648
2197024 2212832
2216480 2294240
2300960 2365408
2367008 2375648
2393632 2403808
2406944 2430944
2436128 2551776
2554400 2572256
2575904 2600416
2607648 2638304
2641952 2763232
2773024 2824672
2827296 2853344
2861600 2882016
2884640 2901984
2904608 2911200
2923040 2986976
2989088 3011040
3014176 3046880
3049504 3111904
3119648 3151840
3157536 3207136
3211808 3259360
3266080 3297760
3319328 3342816
3344928 3363296
3365408 3386848
3388960 3437536
3439136 3475424
3479584 3533280
3541024 3608032
3620384 3705824
3718176 3816928
3822112 3866592
3869216 3874272
3884576 3929568
3939360 3971552
3976224 4044768
4048416 4061152
4065312 4079584
4096544 4156384
4167200 4179424
4185632 4207584
4212256 4227040
4230176 4244448
4249120 4271584
4273696 4303328
4310560 4364768
4366368 4391904
4402208 4431328
4437024 4452832
4457504 4467680
4475936 4519904
4525088 4537312
4539424 4555232
4562976 4616160
4621856 4670944
4673568 4695008
4698144 4708832
4718624 4780000
4783648 4829152
4833312 4866528
4872224 4941792
4951584 5005792
5010464 5031392
5041184 5127136
5143072 5171680
5176352 5253088
5263392 5293536
5300256 5316576
5319200 5342176
5350944 5424608
5427232 5440480
5450272 5493216
5496864 5527520
5532704 5560800
5565472 5574624
5578272 5590496
5607968 5622752
5626912 5731296
5748768 5793760
5803552 5844960
5855776 5899232
5912608 5992928
6000672 6046176
6051360 6072288
6083616 6192096
6196256 6214624
6218272 6236128
6247456 6274528
6284320 6334432
6339104 6353376
6356512 6406112
6419488 6452704
6456864 6483424
6487584 6534112
6540832 6545888
6560288 6596064
6598176 6615520
6624800 6664160
6668832 6707680
6720032 6796256
6805024 6861280
6864928 6875616
6881824 6914016
6917152 6953440
6959136 6978016
6982176 7000032
7007776 7037920
7051808 7101920
7106592 7121376
7128608 7139808
7147552 7181280
7212064 7254496
7258144 7375328
7387168 7468512
7479328 7596512
7608352 7670752
7673888 7696352
7702048 7742944
7753248 7768032
7774752 7798240
7802400 7829472
7832096 7859168
7865888 7890912
7893024 7920096
7926816 7984096
7992352 8070112
8078368 8218080
8221728 8244192
8260128 8337888
8343072 8374240
8387104 8436704
8438304 8487904
8492064 8545760
8560160 8612320
8614944 8647648
8652832 8702944
8706592 8731104
8744480 8799200
8801312 8813536
8817184 8863712
8876064 8905696
8912928 8958944
8960544 8978400
8986656 9047008
9049632 9073120
9084960 9116128
9117728 9125856
9127456 9138144
9154080 9198560
9212960 9274848
9276448 9350112
9351712 9369568
9383456 9412064
9415200 9496032
9504800 9589728
9592864 9609696
9620000 9635296
9644064 9704928
9710112 9735648
9738272 9757664
9761824 9794528
9800224 9855968
9859616 9873376
9886240 9934816
9936928 9961440
9968672 10026976
10028576 10050016
10060832 10094048
10097184 10121696
10128416 10162144
10167840 10252768
10259488 10304480
10314784 10346976
10353696 10413536
10416160 10460640
10464800 10488288
10496544 10567648
10574880 10623456
10632736 10655200
10657312 10700768
10702880 10710496
10746400 10850272
10852384 10875360
10879520 10893792
10898464 10963424
10967584 11001824
11015200 11042272
11050528 11055584
11118624 11167712
11175968 11183473
