92192 202208
204832 329696
333856 356320
358432 438240
441376 451552
454688 464352
473120 483808
486432 517600
519712 569312
572960 593376
594976 624096
628256 644064
647712 654816
656416 671200
677920 684000
696864 707552
709664 723936
734240 859104
861728 870368
881184 889824
898080 912864
946720 1062368
1063968 1088992
1100320 1192928
1199648 1297376
1364000 1379808
1393184 1413088
1436704 1462752
1466912 1479648
1482784 1512928
1519136 1568224
1575968 1616352
1620000 1644512
1653792 1691104
1694240 1725408
1727008 1734624
1752096 1766368
1815072 1917408
1921568 1955808
1957408 2009568
2011680 2057184
2071584 2099168
2116640 2172896
2175008 2236384
2244640 2278368
2280480 2338272
2342944 2364896
2369056 2421216
2441248 2456032
2460704 2524640
2527776 2541536
2551328 2622944
2627104 2652640
2664992 2735072
2737696 2751968
2763296 2817504
2826784 2880992
2890272 2965984
2967584 3007968
3009568 3049952
3062816 3117024
3123232 3152352
3178528 3190240
3205664 3224544
3237408 3317216
3319840 3359200
3371040 3406304
3415072 3449824
3453472 3472352
3478048 3491296
3493408 3536352
3539488 3580384
3584032 3619808
3622944 3662304
3664928 3681760
3688480 3712480
3716128 3768800
3782688 3834848
3846688 3914720
3917344 3978208
3985440 4017632
4019232 4030944
4033568 4062688
4064800 4105696
4110368 4171744
4173856 4214240
4216352 4236768
4240416 4279776
4281376 4302816
4304928 4351456
4353056 4439008
4450848 4594144
4597280 4642272
4644384 4694496
4696608 4732384
4737568 4752864
4755488 4795360
4797472 4813280
4815904 4855776
4858400 4906464
4918816 4977632
4988448 5034464
5038112 5094368
5096480 5172192
5174816 5191648
5195296 5252576
5255712 5320160
5325856 5389792
5397536 5423584
5425696 5471712
5474336 5523936
5540384 5557216
5559840 5643232
5660192 5717984
5722144 5765088
5773344 5856736
5861920 5987296
5990944 6002656
6005792 6057952
6059552 6134752
6143520 6193632
6195744 6360544
6362144 6369248
6372384 6446048
6450208 6490080
6499360 6523872
6530592 6550496
6552608 6610912
6614560 6702560
6704672 6777824
6779936 6840288
6841888 6858208
6860320 6973408
6976544 7018976
7022624 7108064
7118368 7225312
7246368 7260128
7266848 7321568
7324192 7339488
7342624 7388128
7390240 7434720
7440416 7475168
7477792 7500256
7505952 7523296
7527456 7552992
7563808 7589856
7599136 7643104
7646752 7672800
7677984 7699424
7702560 7733216
7739424 7779296
7782432 7823328
7829024 7843296
7845920 7911392
7914528 7952352
7956000 8025568
8036384 8069088
8073248 8101344
8111136 8161248
8163360 8287200
8302112 8327136
8328736 8345056
8347680 8392160
8394272 8435680
8443424 8504800
8507936 8569824
8571424 8618976
8622112 8636896
8640032 8649184
8655392 8747488
8751648 8790496
8794144 8883168
8885792 8911328
8917536 8979936
8982560 9041888
9044512 9080288
9084448 9099744
9106464 9135072
9149472 9225184
9227808 9283552
9290272 9331168
9333280 9360864
9366048 9411552
9419296 9457632
9459232 9533408
9537056 9597920
9601056 9662432
9664544 9767392
9770528 9792992
9794592 9843680
9848352 9900512
9903648 9983968
9985568 10006496
10009632 10063840
10066464 10099680
10103328 10167776
10169376 10184672
10189856 10267616
10271776 10326496
10330656 10342880
10345504 10375136
10379296 10408928
10411040 10457568
10461728 10543072
10547744 10567136
10571296 10595296
10597408 10629088
10632736 10669536
10674720 10713568
10717728 10755552
10774048 10822624
10825248 10909664
10911776 11042272
11045920 11065824
11071008 11076064
11118624 11164640
11167264 11179488
