[0, 1]:[0]
[0, 1, 2, 3]:[0, 1, 2]
[2, 3]:[1, 2]
[2, 3, 4]:[1, 2, 3, 4]
[2, 3, 4, 5]:[1, 2, 3, 4, 5, 6]
[4]:[3, 4]
[4, 5]:[3, 4, 5, 6]
[4, 5, 6]:[3, 4, 5, 6, 7, 8]
[5]:[5, 6]
[5, 6]:[5, 6, 7, 8]
[5, 6, 7]:[5, 6, 7, 8, 9]
[6]:[7, 8]
[6, 7]:[7, 8, 9]
[6, 7, 8]:[7, 8, 9, 10, 11, 12, 13, 14]
[7]:[9]
[7, 8]:[9, 10, 11, 12, 13, 14]
[7, 8, 9]:[9, 10, 11, 12, 13, 14, 15]
[8]:[10, 11, 12, 13, 14]
[8, 9]:[10, 11, 12, 13, 14, 15]
[8, 9, 10, 11, 12]:[10, 11, 12, 13, 14, 15, 16, 17]
[9, 10, 11, 12]:[15, 16, 17]
[10, 11, 12]:[16, 17]
[15, 16, 17]:[21]
[15, 16, 17, 18]:[21, 22]
[15, 16, 17, 18, 19, 20, 21, 22]:[21, 22, 23]
[18, 19, 20, 21, 22]:[22, 23]
[18, 19, 20, 21, 22, 23, 24, 25]:[22, 23, 24]
[19, 20, 21, 22]:[23]
[19, 20, 21, 22, 23, 24, 25]:[23, 24]
[23, 24, 25]:[24]
[26, 27, 28]:[25, 26]
[27, 28]:[26]
[29, 30]:[27, 28, 29]
[29, 30, 31, 32]:[27, 28, 29, 30]
[30]:[28, 29]
[30, 31, 32]:[28, 29, 30]
[30, 31, 32, 33]:[28, 29, 30, 31]
[31, 32]:[30]
[31, 32, 33]:[30, 31]
[31, 32, 33, 34]:[30, 31, 32]
[33]:[31]
[33, 34]:[31, 32]
[33, 34, 35]:[31, 32, 33, 34]
[34]:[32]
[34, 35]:[32, 33, 34]
[35]:[33, 34]
[38]:[37]
[38, 39]:[37, 38, 39]
[38, 39, 40]:[37, 38, 39, 40]
[39]:[38, 39]
[39, 40]:[38, 39, 40]
[39, 40, 41]:[38, 39, 40, 41]
[40]:[40]
[40, 41]:[40, 41]
[41]:[41]
[42]:[42]
[42, 43, 44]:[42, 43]
[42, 43, 44, 45]:[42, 43, 44]
[43, 44]:[43]
[43, 44, 45]:[43, 44]
[43, 44, 45, 46]:[43, 44, 45, 46]
[45, 46]:[44, 45, 46]
[45, 46, 47, 48, 49]:[44, 45, 46, 47]
[46]:[45, 46]
[46, 47, 48, 49]:[45, 46, 47]
[47, 48, 49]:[47]
[50, 51, 52]:[48, 49, 50, 51]
[50, 51, 52, 53]:[48, 49, 50, 51, 52]
[51, 52]:[49, 50, 51]
[51, 52, 53]:[49, 50, 51, 52]
[53]:[52]
[53, 54, 55]:[52, 53, 54, 55]
[53, 54, 55, 56, 57]:[52, 53, 54, 55, 56]
[54, 55]:[53, 54, 55]
[54, 55, 56, 57]:[53, 54, 55, 56]
[54, 55, 56, 57, 58, 59, 60]:[53, 54, 55, 56, 57]
[56, 57]:[56]
[56, 57, 58, 59, 60]:[56, 57]
[56, 57, 58, 59, 60, 61, 62]:[56, 57, 58, 59]
[58, 59, 60]:[57]
[58, 59, 60, 61, 62]:[57, 58, 59]
[58, 59, 60, 61, 62, 63]:[57, 58, 59, 60]
[61, 62]:[58, 59]
[61, 62, 63]:[58, 59, 60]
[61, 62, 63, 64]:[58, 59, 60, 61]
[63]:[60]
[63, 64]:[60, 61]
[64]:[61]
[65]:[62, 63]
[65, 66, 67]:[62, 63, 64]
[65, 66, 67, 68]:[62, 63, 64, 65]
[66, 67]:[64]
[66, 67, 68]:[64, 65]
[68]:[65]
[69]:[66]
[69, 70, 71]:[66, 67, 68, 69]
[69, 70, 71, 72]:[66, 67, 68, 69, 70]
[70, 71]:[67, 68, 69]
[70, 71, 72]:[67, 68, 69, 70]
[72]:[70]
[75]:[73]
[75, 76]:[73, 74, 75, 76]
[75, 76, 77]:[73, 74, 75, 76, 77]
[76]:[74, 75, 76]
[76, 77]:[74, 75, 76, 77]
[76, 77, 78, 79]:[74, 75, 76, 77, 78]
[77]:[77]
[77, 78, 79]:[77, 78]
[77, 78, 79, 80]:[77, 78, 79]
[78, 79]:[78]
[78, 79, 80]:[78, 79]
[78, 79, 80, 81]:[78, 79, 80, 81]
[80]:[79]
[80, 81]:[79, 80, 81]
[80, 81, 82]:[79, 80, 81, 82, 83]
[81]:[80, 81]
[81, 82]:[80, 81, 82, 83]
[81, 82, 83, 84, 85, 86]:[80, 81, 82, 83, 84, 85]
[82]:[82, 83]
[82, 83, 84, 85, 86]:[82, 83, 84, 85]
[82, 83, 84, 85, 86, 87]:[82, 83, 84, 85, 86]
[83, 84, 85, 86]:[84, 85]
[83, 84, 85, 86, 87]:[84, 85, 86]
[83, 84, 85, 86, 87, 88, 89]:[84, 85, 86, 87]
[87]:[86]
[87, 88, 89]:[86, 87]
[87, 88, 89, 90]:[86, 87, 88]
[88, 89]:[87]
[88, 89, 90]:[87, 88]
[88, 89, 90, 91]:[87, 88, 89]
[90]:[88]
[90, 91]:[88, 89]
[90, 91, 92, 93]:[88, 89, 90]
[91]:[89]
[91, 92, 93]:[89, 90]
[91, 92, 93, 94, 95, 96, 97, 98]:[89, 90, 91]
[92, 93]:[90]
[92, 93, 94, 95, 96, 97, 98]:[90, 91]
[92, 93, 94, 95, 96, 97, 98, 99, 100]:[90, 91, 92]
[94, 95, 96, 97, 98]:[91]
[94, 95, 96, 97, 98, 99, 100]:[91, 92]
[94, 95, 96, 97, 98, 99, 100, 101]:[91, 92, 93, 94]
[99, 100]:[92]
[99, 100, 101]:[92, 93, 94]
[99, 100, 101, 102]:[92, 93, 94, 95]
[101]:[93, 94]
[101, 102]:[93, 94, 95]
[101, 102, 103, 104]:[93, 94, 95, 96, 97]
[102, 103, 104]:[95, 96, 97]
[102, 103, 104, 105]:[95, 96, 97, 98]
[103, 104]:[96, 97]
[103, 104, 105]:[96, 97, 98]
[103, 104, 105, 106]:[96, 97, 98, 99]
[105]:[98]
[105, 106]:[98, 99]
[105, 106, 107]:[98, 99, 100, 101]
[106]:[99]
[106, 107]:[99, 100, 101]
[106, 107, 108, 109]:[99, 100, 101, 102]
[107]:[100, 101]
[107, 108, 109]:[100, 101, 102]
[107, 108, 109, 110]:[100, 101, 102, 103, 104]
[108, 109]:[102]
[108, 109, 110]:[102, 103, 104]
[108, 109, 110, 111]:[102, 103, 104, 105]
[110]:[103, 104]
[110, 111]:[103, 104, 105]
[110, 111, 112]:[103, 104, 105, 106]
[111]:[105]
[111, 112]:[105, 106]
[111, 112, 113, 114, 115]:[105, 106, 107]
[112]:[106]
[112, 113, 114, 115]:[106, 107]
[112, 113, 114, 115, 116]:[106, 107, 108, 109]
[113, 114, 115]:[107]
[113, 114, 115, 116]:[107, 108, 109]
[113, 114, 115, 116, 117, 118]:[107, 108, 109, 110]
[116]:[108, 109]
[116, 117, 118]:[108, 109, 110]
[117, 118]:[110]
[120, 121, 122, 123]:[112]
[124]:[113, 114]
[125, 126]:[115]
[125, 126, 127, 128]:[115, 116, 117, 118]
[127, 128]:[116, 117, 118]
[127, 128, 129, 130]:[116, 117, 118, 119]
[129, 130]:[119]
[129, 130, 131]:[119, 120]
[131]:[120]
[131, 132, 133, 134, 135]:[120, 121]
[132, 133, 134, 135]:[121]
[132, 133, 134, 135, 136, 137]:[121, 122, 123]
[132, 133, 134, 135, 136, 137, 138]:[121, 122, 123, 124]
[136, 137]:[122, 123]
[136, 137, 138]:[122, 123, 124]
[136, 137, 138, 139]:[122, 123, 124, 125]
[138]:[124]
[138, 139]:[124, 125]
[138, 139, 140]:[124, 125, 126, 127]
[139]:[125]
[139, 140]:[125, 126, 127]
[139, 140, 141, 142, 143, 144]:[125, 126, 127, 128]
[140]:[126, 127]
[140, 141, 142, 143, 144]:[126, 127, 128]
[140, 141, 142, 143, 144, 145]:[126, 127, 128, 129]
[141, 142, 143, 144]:[128]
[141, 142, 143, 144, 145]:[128, 129]
[141, 142, 143, 144, 145, 146]:[128, 129, 130, 131]
[145]:[129]
[145, 146]:[129, 130, 131]
[145, 146, 147, 148, 149]:[129, 130, 131, 132]
[146]:[130, 131]
[146, 147, 148, 149]:[130, 131, 132]
[146, 147, 148, 149, 150]:[130, 131, 132, 133]
[147, 148, 149]:[132]
[147, 148, 149, 150]:[132, 133]
[147, 148, 149, 150, 151, 152, 153]:[132, 133, 134]
[150]:[133]
[150, 151, 152, 153]:[133, 134]
[150, 151, 152, 153, 154, 155, 156, 157]:[133, 134, 135]
[151, 152, 153]:[134]
[151, 152, 153, 154, 155, 156, 157]:[134, 135]
[154, 155, 156, 157]:[135]
[158, 159]:[136, 137, 138, 139, 140]
[158, 159, 160]:[136, 137, 138, 139, 140, 141, 142, 143]
[159]:[137, 138, 139, 140]
[159, 160]:[137, 138, 139, 140, 141, 142, 143]
[160]:[141, 142, 143]
[160, 161]:[141, 142, 143, 144, 145, 146, 147, 148]
[161]:[144, 145, 146, 147, 148]
[163]:[150]
[163, 164]:[150, 151]
[163, 164, 165]:[150, 151, 152]
[164]:[151]
[164, 165]:[151, 152]
[164, 165, 166, 167, 168]:[151, 152, 153]
[165, 166, 167, 168]:[152, 153]
[165, 166, 167, 168, 169, 170]:[152, 153, 154]
[166, 167, 168]:[153]
[166, 167, 168, 169, 170]:[153, 154]
[166, 167, 168, 169, 170, 171]:[153, 154, 155]
[169, 170]:[154]
[169, 170, 171]:[154, 155]
[171]:[155]
[173, 174]:[158, 159]
[173, 174, 175]:[158, 159, 160, 161, 162]
[175]:[160, 161, 162]
[175, 176]:[160, 161, 162, 163]
[175, 176, 177]:[160, 161, 162, 163, 164]
[176]:[163]
[176, 177]:[163, 164]
[176, 177, 178]:[163, 164, 165]
[177]:[164]
[177, 178]:[164, 165]
[177, 178, 179]:[164, 165, 166, 167, 168]
[178]:[165]
[178, 179]:[165, 166, 167, 168]
[178, 179, 180, 181, 182]:[165, 166, 167, 168, 169]
[179]:[166, 167, 168]
[179, 180, 181, 182]:[166, 167, 168, 169]
[179, 180, 181, 182, 183]:[166, 167, 168, 169, 170]
[180, 181, 182]:[169]
[180, 181, 182, 183]:[169, 170]
[180, 181, 182, 183, 184, 185, 186]:[169, 170, 171, 172]
[183]:[170]
[183, 184, 185, 186]:[170, 171, 172]
[183, 184, 185, 186, 187, 188]:[170, 171, 172, 173]
[184, 185, 186]:[171, 172]
[184, 185, 186, 187, 188]:[171, 172, 173]
[184, 185, 186, 187, 188, 189]:[171, 172, 173, 174]
[187, 188]:[173]
[187, 188, 189]:[173, 174]
[187, 188, 189, 190]:[173, 174, 175]
[189]:[174]
[189, 190]:[174, 175]
[189, 190, 191]:[174, 175, 176, 177]
[190]:[175]
[190, 191]:[175, 176, 177]
[190, 191, 192, 193, 194]:[175, 176, 177, 178]
[191]:[176, 177]
[191, 192, 193, 194]:[176, 177, 178]
[191, 192, 193, 194, 195]:[176, 177, 178, 179]
[192, 193, 194]:[178]
[192, 193, 194, 195]:[178, 179]
[195]:[179]
[197]:[181]
[197, 198]:[181, 182]
[197, 198, 199]:[181, 182, 183]
[198]:[182]
[198, 199]:[182, 183]
[198, 199, 200]:[182, 183, 184]
[199]:[183]
[199, 200]:[183, 184]
[199, 200, 201, 202]:[183, 184, 185, 186]
[200]:[184]
[200, 201, 202]:[184, 185, 186]
[200, 201, 202, 203, 204]:[184, 185, 186, 187]
[201, 202]:[185, 186]
[201, 202, 203, 204]:[185, 186, 187]
[201, 202, 203, 204, 205]:[185, 186, 187, 188]
[203, 204]:[187]
[203, 204, 205]:[187, 188]
[203, 204, 205, 206, 207]:[187, 188, 189]
[205]:[188]
[205, 206, 207]:[188, 189]
[205, 206, 207, 208]:[188, 189, 190]
[206, 207]:[189]
[206, 207, 208]:[189, 190]
[206, 207, 208, 209, 210]:[189, 190, 191]
[208]:[190]
[208, 209, 210]:[190, 191]
[208, 209, 210, 211]:[190, 191, 192]
[209, 210]:[191]
[209, 210, 211]:[191, 192]
[209, 210, 211, 212]:[191, 192, 193]
[211]:[192]
[211, 212]:[192, 193]
[211, 212, 213]:[192, 193, 194]
[212]:[193]
[212, 213]:[193, 194]
[212, 213, 214, 215]:[193, 194, 195]
[213]:[194]
[213, 214, 215]:[194, 195]
[214, 215]:[195]
[217]:[197, 198, 199]
[217, 218]:[197, 198, 199, 200]
[218]:[200]
[220]:[202]
[220, 221]:[202, 203]
[220, 221, 222]:[202, 203, 204]
[221]:[203]
[221, 222]:[203, 204]
[221, 222, 223]:[203, 204, 205, 206]
[222]:[204]
[222, 223]:[204, 205, 206]
[222, 223, 224]:[204, 205, 206, 207]
[223]:[205, 206]
[223, 224]:[205, 206, 207]
[223, 224, 225, 226]:[205, 206, 207, 208, 209]
[224]:[207]
[224, 225, 226]:[207, 208, 209]
[225, 226]:[208, 209]
[227, 228]:[210, 211]
[227, 228, 229, 230, 231, 232]:[210, 211, 212]
[229, 230, 231, 232]:[212]
[229, 230, 231, 232, 233, 234]:[212, 213, 214]
[233, 234]:[213, 214]
