10009632 10063840
10009632 10099680
10009632 10167776
10009632 10184672
10009632 10267616
10066464 10099680
10066464 10167776
10066464 10184672
10066464 10267616
10066464 10326496
10103328 10167776
10103328 10184672
10103328 10267616
10103328 10326496
10103328 10342880
10169376 10184672
10169376 10267616
10169376 10326496
10169376 10342880
10169376 10375136
10189856 10267616
10189856 10326496
10189856 10342880
10189856 10375136
10189856 10408928
10271776 10326496
10271776 10342880
10271776 10375136
10271776 10408928
10271776 10457568
10330656 10342880
10330656 10375136
10330656 10408928
10330656 10457568
10330656 10543072
10345504 10375136
10345504 10408928
10345504 10457568
10345504 10543072
10345504 10567136
10379296 10408928
10379296 10457568
10379296 10543072
10379296 10567136
10379296 10595296
10411040 10457568
10411040 10543072
10411040 10567136
10411040 10595296
10411040 10629088
10461728 10543072
10461728 10567136
10461728 10595296
10461728 10629088
10461728 10669536
10547744 10567136
10547744 10595296
10547744 10629088
10547744 10669536
10547744 10713568
10571296 10595296
10571296 10629088
10571296 10669536
10571296 10713568
10571296 10755552
10597408 10629088
10597408 10669536
10597408 10713568
10597408 10755552
10597408 10822624
10632736 10669536
10632736 10713568
10632736 10755552
10632736 10822624
10632736 10909664
1063968 1088992
1063968 1192928
1063968 1297376
1063968 1379808
10674720 10713568
10674720 10755552
10674720 10822624
10674720 10909664
10717728 10755552
10717728 10822624
10717728 10909664
10774048 10822624
10774048 10909664
10774048 11042272
10774048 11065824
10774048 11076064
10825248 10909664
10825248 11042272
10825248 11065824
10825248 11076064
10911776 11042272
10911776 11065824
10911776 11076064
10911776 11164640
10911776 11179488
1100320 1192928
1100320 1297376
1100320 1379808
1100320 1413088
11045920 11065824
11045920 11076064
11045920 11164640
11045920 11179488
11071008 11076064
11071008 11164640
11071008 11179488
11118624 11164640
11118624 11179488
11167264 11179488
1199648 1297376
1199648 1379808
1199648 1413088
1199648 1462752
1199648 1479648
1364000 1379808
1364000 1413088
1364000 1462752
1364000 1479648
1364000 1512928
1393184 1413088
1393184 1462752
1393184 1479648
1393184 1512928
1393184 1568224
1436704 1462752
1436704 1479648
1436704 1512928
1436704 1568224
1436704 1616352
1466912 1479648
1466912 1512928
1466912 1568224
1466912 1616352
1466912 1644512
1482784 1512928
1482784 1568224
1482784 1616352
1482784 1644512
1482784 1691104
1519136 1568224
1519136 1616352
1519136 1644512
1519136 1691104
1519136 1725408
1575968 1616352
1575968 1644512
1575968 1691104
1575968 1725408
1575968 1734624
1620000 1644512
1620000 1691104
1620000 1725408
1620000 1734624
1620000 1766368
1653792 1691104
1653792 1725408
1653792 1734624
1653792 1766368
1653792 1917408
1694240 1725408
1694240 1734624
1694240 1766368
1694240 1917408
1694240 1955808
1727008 1734624
1727008 1766368
1727008 1917408
1727008 1955808
1727008 2009568
1752096 1766368
1752096 1917408
1752096 1955808
1752096 2009568
1752096 2057184
1815072 1917408
1815072 1955808
1815072 2009568
1815072 2057184
1815072 2099168
1921568 1955808
1921568 2009568
1921568 2057184
1921568 2099168
1921568 2172896
1957408 2009568
1957408 2057184
1957408 2099168
1957408 2172896
1957408 2236384
2011680 2057184
2011680 2099168
2011680 2172896
2011680 2236384
2011680 2278368
204832 329696
204832 356320
204832 438240
204832 451552
204832 464352
2071584 2099168
2071584 2172896
2071584 2236384
2071584 2278368
2071584 2338272
2116640 2172896
2116640 2236384
2116640 2278368
2116640 2338272
2116640 2364896
2175008 2236384
2175008 2278368
2175008 2338272
2175008 2364896
2175008 2421216
2244640 2278368
2244640 2338272
2244640 2364896
2244640 2421216
2244640 2456032
2280480 2338272
2280480 2364896
2280480 2421216
2280480 2456032
2280480 2524640
2342944 2364896
2342944 2421216
2342944 2456032
2342944 2524640
2342944 2541536
2369056 2421216
2369056 2456032
2369056 2524640
2369056 2541536
2369056 2622944
2441248 2456032
2441248 2524640
2441248 2541536
2441248 2622944
2441248 2652640
2460704 2524640
2460704 2541536
2460704 2622944
2460704 2652640
2460704 2735072
2527776 2541536
2527776 2622944
2527776 2652640
2527776 2735072
2527776 2751968
2551328 2622944
2551328 2652640
2551328 2735072
2551328 2751968
2551328 2817504
2627104 2652640
2627104 2735072
2627104 2751968
2627104 2817504
2627104 2880992
2664992 2735072
2664992 2751968
2664992 2817504
2664992 2880992
2664992 2965984
2737696 2751968
2737696 2817504
2737696 2880992
2737696 2965984
2737696 3007968
2763296 2817504
2763296 2880992
2763296 2965984
2763296 3007968
2763296 3049952
2826784 2880992
2826784 2965984
2826784 3007968
2826784 3049952
2826784 3117024
2890272 2965984
2890272 3007968
2890272 3049952
2890272 3117024
2890272 3152352
2967584 3007968
2967584 3049952
2967584 3117024
2967584 3152352
2967584 3190240
3009568 3049952
3009568 3117024
3009568 3152352
3009568 3190240
3009568 3224544
3062816 3117024
3062816 3152352
3062816 3190240
3062816 3224544
3062816 3317216
3123232 3152352
3123232 3190240
3123232 3224544
3123232 3317216
3123232 3359200
3178528 3190240
3178528 3224544
3178528 3317216
3178528 3359200
3178528 3406304
3205664 3224544
3205664 3317216
3205664 3359200
3205664 3406304
3205664 3449824
3237408 3317216
3237408 3359200
3237408 3406304
3237408 3449824
3237408 3472352
3319840 3359200
3319840 3406304
3319840 3449824
3319840 3472352
3319840 3491296
333856 356320
333856 438240
333856 451552
333856 464352
333856 483808
3371040 3406304
3371040 3449824
3371040 3472352
3371040 3491296
3371040 3536352
3415072 3449824
3415072 3472352
3415072 3491296
3415072 3536352
3415072 3580384
3453472 3472352
3453472 3491296
3453472 3536352
3453472 3580384
3453472 3619808
3478048 3491296
3478048 3536352
3478048 3580384
3478048 3619808
3478048 3662304
3493408 3536352
3493408 3580384
3493408 3619808
3493408 3662304
3493408 3681760
3539488 3580384
3539488 3619808
3539488 3662304
3539488 3681760
3539488 3712480
3584032 3619808
3584032 3662304
3584032 3681760
3584032 3712480
3584032 3768800
358432 438240
358432 451552
358432 464352
358432 483808
358432 517600
3622944 3662304
3622944 3681760
3622944 3712480
3622944 3768800
3622944 3834848
3664928 3681760
3664928 3712480
3664928 3768800
3664928 3834848
3664928 3914720
3688480 3712480
3688480 3768800
3688480 3834848
3688480 3914720
3688480 3978208
3716128 3768800
3716128 3834848
3716128 3914720
3716128 3978208
3716128 4017632
3782688 3834848
3782688 3914720
3782688 3978208
3782688 4017632
3782688 4030944
3846688 3914720
3846688 3978208
3846688 4017632
3846688 4030944
3846688 4062688
3917344 3978208
3917344 4017632
3917344 4030944
3917344 4062688
3917344 4105696
3985440 4017632
3985440 4030944
3985440 4062688
3985440 4105696
3985440 4171744
4019232 4030944
4019232 4062688
4019232 4105696
4019232 4171744
4019232 4214240
4033568 4062688
4033568 4105696
4033568 4171744
4033568 4214240
4033568 4236768
4064800 4105696
4064800 4171744
4064800 4214240
4064800 4236768
4064800 4279776
4110368 4171744
4110368 4214240
4110368 4236768
4110368 4279776
4110368 4302816
4173856 4214240
4173856 4236768
4173856 4279776
4173856 4302816
4173856 4351456
4216352 4236768
4216352 4279776
4216352 4302816
4216352 4351456
4216352 4439008
4240416 4279776
4240416 4302816
4240416 4351456
4240416 4439008
4281376 4302816
4281376 4351456
4281376 4439008
4281376 4594144
4304928 4351456
4304928 4439008
4304928 4594144
4353056 4439008
4353056 4594144
4353056 4642272
441376 451552
441376 464352
441376 483808
441376 517600
441376 569312
4450848 4594144
4450848 4642272
4450848 4694496
4450848 4732384
4450848 4752864
454688 464352
454688 483808
454688 517600
454688 569312
454688 593376
4597280 4642272
4597280 4694496
4597280 4732384
4597280 4752864
4597280 4795360
4644384 4694496
4644384 4732384
4644384 4752864
4644384 4795360
4644384 4813280
4696608 4732384
4696608 4752864
4696608 4795360
4696608 4813280
4696608 4855776
473120 483808
473120 517600
473120 569312
473120 593376
473120 624096
4737568 4752864
4737568 4795360
4737568 4813280
4737568 4855776
4737568 4906464
4755488 4795360
4755488 4813280
4755488 4855776
4755488 4906464
4755488 4977632
4797472 4813280
4797472 4855776
4797472 4906464
4797472 4977632
4797472 5034464
4815904 4855776
4815904 4906464
4815904 4977632
4815904 5034464
4815904 5094368
4858400 4906464
4858400 4977632
4858400 5034464
4858400 5094368
4858400 5172192
486432 517600
486432 569312
486432 593376
486432 624096
486432 644064
4918816 4977632
4918816 5034464
4918816 5094368
4918816 5172192
4918816 5191648
4988448 5034464
4988448 5094368
4988448 5172192
4988448 5191648
4988448 5252576
5038112 5094368
5038112 5172192
5038112 5191648
5038112 5252576
5038112 5320160
5096480 5172192
5096480 5191648
5096480 5252576
5096480 5320160
5096480 5389792
5174816 5191648
5174816 5252576
5174816 5320160
5174816 5389792
5174816 5423584
5195296 5252576
5195296 5320160
5195296 5389792
5195296 5423584
5195296 5471712
519712 569312
519712 593376
519712 624096
519712 644064
519712 654816
5255712 5320160
5255712 5389792
5255712 5423584
5255712 5471712
5255712 5523936
5325856 5389792
5325856 5423584
5325856 5471712
5325856 5523936
5325856 5557216
5397536 5423584
5397536 5471712
5397536 5523936
5397536 5557216
5397536 5643232
5425696 5471712
5425696 5523936
5425696 5557216
5425696 5643232
5425696 5717984
5474336 5523936
5474336 5557216
5474336 5643232
5474336 5717984
5474336 5765088
5540384 5557216
5540384 5643232
5540384 5717984
5540384 5765088
5540384 5856736
5559840 5643232
5559840 5717984
5559840 5765088
5559840 5856736
5660192 5717984
5660192 5765088
5660192 5856736
5722144 5765088
5722144 5856736
5722144 5987296
5722144 6002656
572960 593376
572960 624096
572960 644064
572960 654816
572960 671200
5773344 5856736
5773344 5987296
5773344 6002656
5773344 6057952
5861920 5987296
5861920 6002656
5861920 6057952
5861920 6134752
594976 624096
594976 644064
594976 654816
594976 671200
594976 684000
5990944 6002656
5990944 6057952
5990944 6134752
5990944 6193632
6005792 6057952
6005792 6134752
6005792 6193632
6059552 6134752
6059552 6193632
6059552 6360544
6059552 6369248
6143520 6193632
6143520 6360544
6143520 6369248
6143520 6446048
6195744 6360544
6195744 6369248
6195744 6446048
6195744 6490080
628256 644064
628256 654816
628256 671200
628256 684000
628256 707552
6362144 6369248
6362144 6446048
6362144 6490080
6362144 6523872
6362144 6550496
6372384 6446048
6372384 6490080
6372384 6523872
6372384 6550496
6372384 6610912
6450208 6490080
6450208 6523872
6450208 6550496
6450208 6610912
6450208 6702560
647712 654816
647712 671200
647712 684000
647712 707552
647712 723936
6499360 6523872
6499360 6550496
6499360 6610912
6499360 6702560
6499360 6777824
6530592 6550496
6530592 6610912
6530592 6702560
6530592 6777824
6530592 6840288
6552608 6610912
6552608 6702560
6552608 6777824
6552608 6840288
6552608 6858208
656416 671200
656416 684000
656416 707552
656416 723936
656416 859104
6614560 6702560
6614560 6777824
6614560 6840288
6614560 6858208
6704672 6777824
6704672 6840288
6704672 6858208
6704672 6973408
6704672 7018976
677920 684000
677920 707552
677920 723936
677920 859104
677920 870368
6779936 6840288
6779936 6858208
6779936 6973408
6779936 7018976
6841888 6858208
6841888 6973408
6841888 7018976
6841888 7108064
6860320 6973408
6860320 7018976
6860320 7108064
696864 707552
696864 723936
696864 859104
696864 870368
696864 889824
6976544 7018976
6976544 7108064
6976544 7225312
6976544 7260128
7022624 7108064
7022624 7225312
7022624 7260128
7022624 7321568
7022624 7339488
709664 723936
709664 859104
709664 870368
709664 889824
709664 912864
7118368 7225312
7118368 7260128
7118368 7321568
7118368 7339488
7118368 7388128
7246368 7260128
7246368 7321568
7246368 7339488
7246368 7388128
7246368 7434720
7266848 7321568
7266848 7339488
7266848 7388128
7266848 7434720
7266848 7475168
7324192 7339488
7324192 7388128
7324192 7434720
7324192 7475168
7324192 7500256
734240 859104
734240 870368
734240 889824
734240 912864
7342624 7388128
7342624 7434720
7342624 7475168
7342624 7500256
7342624 7523296
7390240 7434720
7390240 7475168
7390240 7500256
7390240 7523296
7390240 7552992
7440416 7475168
7440416 7500256
7440416 7523296
7440416 7552992
7440416 7589856
7477792 7500256
7477792 7523296
7477792 7552992
7477792 7589856
7477792 7643104
7505952 7523296
7505952 7552992
7505952 7589856
7505952 7643104
7505952 7672800
7527456 7552992
7527456 7589856
7527456 7643104
7527456 7672800
7527456 7699424
7563808 7589856
7563808 7643104
7563808 7672800
7563808 7699424
7563808 7733216
7599136 7643104
7599136 7672800
7599136 7699424
7599136 7733216
7599136 7779296
7646752 7672800
7646752 7699424
7646752 7733216
7646752 7779296
7646752 7823328
7677984 7699424
7677984 7733216
7677984 7779296
7677984 7823328
7677984 7843296
7702560 7733216
7702560 7779296
7702560 7823328
7702560 7843296
7702560 7911392
7739424 7779296
7739424 7823328
7739424 7843296
7739424 7911392
7739424 7952352
7782432 7823328
7782432 7843296
7782432 7911392
7782432 7952352
7782432 8025568
7829024 7843296
7829024 7911392
7829024 7952352
7829024 8025568
7829024 8069088
7845920 7911392
7845920 7952352
7845920 8025568
7845920 8069088
7845920 8101344
7914528 7952352
7914528 8025568
7914528 8069088
7914528 8101344
7914528 8161248
7956000 8025568
7956000 8069088
7956000 8101344
7956000 8161248
8036384 8069088
8036384 8101344
8036384 8161248
8036384 8287200
8036384 8327136
8073248 8101344
8073248 8161248
8073248 8287200
8073248 8327136
8073248 8345056
8111136 8161248
8111136 8287200
8111136 8327136
8111136 8345056
8111136 8392160
8163360 8287200
8163360 8327136
8163360 8345056
8163360 8392160
8163360 8435680
8302112 8327136
8302112 8345056
8302112 8392160
8302112 8435680
8302112 8504800
8328736 8345056
8328736 8392160
8328736 8435680
8328736 8504800
8328736 8569824
8347680 8392160
8347680 8435680
8347680 8504800
8347680 8569824
8347680 8618976
8394272 8435680
8394272 8504800
8394272 8569824
8394272 8618976
8394272 8636896
8443424 8504800
8443424 8569824
8443424 8618976
8443424 8636896
8443424 8649184
8507936 8569824
8507936 8618976
8507936 8636896
8507936 8649184
8507936 8747488
8571424 8618976
8571424 8636896
8571424 8649184
8571424 8747488
8571424 8790496
861728 1062368
861728 1088992
861728 870368
861728 889824
861728 912864
8622112 8636896
8622112 8649184
8622112 8747488
8622112 8790496
8622112 8883168
8640032 8649184
8640032 8747488
8640032 8790496
8640032 8883168
8640032 8911328
8655392 8747488
8655392 8790496
8655392 8883168
8655392 8911328
8751648 8790496
8751648 8883168
8751648 8911328
8751648 8979936
8751648 9041888
8794144 8883168
8794144 8911328
8794144 8979936
8794144 9041888
8794144 9080288
881184 1062368
881184 1088992
881184 1192928
881184 889824
881184 912864
8885792 8911328
8885792 8979936
8885792 9041888
8885792 9080288
8885792 9099744
8917536 8979936
8917536 9041888
8917536 9080288
8917536 9099744
8917536 9135072
898080 1062368
898080 1088992
898080 1192928
898080 912864
8982560 9041888
8982560 9080288
8982560 9099744
8982560 9135072
8982560 9225184
9044512 9080288
9044512 9099744
9044512 9135072
9044512 9225184
9044512 9283552
9084448 9099744
9084448 9135072
9084448 9225184
9084448 9283552
9084448 9331168
9106464 9135072
9106464 9225184
9106464 9283552
9106464 9331168
9106464 9360864
9149472 9225184
9149472 9283552
9149472 9331168
9149472 9360864
9149472 9411552
92192 202208
92192 329696
92192 356320
9227808 9283552
9227808 9331168
9227808 9360864
9227808 9411552
9227808 9457632
9290272 9331168
9290272 9360864
9290272 9411552
9290272 9457632
9290272 9533408
9333280 9360864
9333280 9411552
9333280 9457632
9333280 9533408
9333280 9597920
9366048 9411552
9366048 9457632
9366048 9533408
9366048 9597920
9366048 9662432
9419296 9457632
9419296 9533408
9419296 9597920
9419296 9662432
9459232 9533408
9459232 9597920
9459232 9662432
9459232 9767392
946720 1062368
946720 1088992
946720 1192928
9537056 9597920
9537056 9662432
9537056 9767392
9537056 9792992
9537056 9843680
9601056 9662432
9601056 9767392
9601056 9792992
9601056 9843680
9601056 9900512
9664544 9767392
9664544 9792992
9664544 9843680
9664544 9900512
9664544 9983968
9770528 10006496
9770528 9792992
9770528 9843680
9770528 9900512
9770528 9983968
9794592 10006496
9794592 10063840
9794592 9843680
9794592 9900512
9794592 9983968
9848352 10006496
9848352 10063840
9848352 10099680
9848352 9900512
9848352 9983968
9903648 10006496
9903648 10063840
9903648 10099680
9903648 10167776
9903648 9983968
9985568 10006496
9985568 10063840
9985568 10099680
9985568 10167776
9985568 10184672
