10028576 10050016
10028576 10094048
10028576 10121696
10028576 10162144
10028576 10252768
10060832 10094048
10060832 10121696
10060832 10162144
10060832 10252768
10060832 10304480
10097184 10121696
10097184 10162144
10097184 10252768
10097184 10304480
10097184 10346976
10128416 10162144
10128416 10252768
10128416 10304480
10128416 10346976
10128416 10413536
10167840 10252768
10167840 10304480
10167840 10346976
10167840 10413536
10167840 10460640
10259488 10304480
10259488 10346976
10259488 10413536
10259488 10460640
10259488 10488288
1029664 1040864
1029664 1058272
1029664 1092576
1029664 1120736
1029664 1161696
10314784 10346976
10314784 10413536
10314784 10460640
10314784 10488288
10314784 10567648
10353696 10413536
10353696 10460640
10353696 10488288
10353696 10567648
10353696 10623456
10416160 10460640
10416160 10488288
10416160 10567648
10416160 10623456
10416160 10655200
10464800 10488288
10464800 10567648
10464800 10623456
10464800 10655200
10464800 10700768
1048608 1058272
1048608 1092576
1048608 1120736
1048608 1161696
1048608 1239008
10496544 10567648
10496544 10623456
10496544 10655200
10496544 10700768
10496544 10710496
10574880 10623456
10574880 10655200
10574880 10700768
10574880 10710496
10574880 10850272
1060384 1092576
1060384 1120736
1060384 1161696
1060384 1239008
1060384 1253344
10632736 10655200
10632736 10700768
10632736 10710496
10632736 10850272
10632736 10875360
106528 174560
106528 216032
106528 317408
106528 375264
10657312 10700768
10657312 10710496
10657312 10850272
10657312 10875360
10657312 10893792
10702880 10710496
10702880 10850272
10702880 10875360
10702880 10893792
10702880 10963424
10746400 10850272
10746400 10875360
10746400 10893792
10746400 10963424
10746400 11001824
10852384 10875360
10852384 10893792
10852384 10963424
10852384 11001824
10852384 11042272
10879520 10893792
10879520 10963424
10879520 11001824
10879520 11042272
10879520 11055584
10898464 10963424
10898464 11001824
10898464 11042272
10898464 11055584
10898464 11167712
1094176 1120736
1094176 1161696
1094176 1239008
1094176 1253344
1094176 1296864
10967584 11001824
10967584 11042272
10967584 11055584
10967584 11167712
10967584 11183473
11015200 11042272
11015200 11055584
11015200 11167712
11015200 11183473
11050528 11055584
11050528 11167712
11050528 11183473
11118624 11167712
11118624 11183473
11175968 11183473
1132576 1161696
1132576 1239008
1132576 1253344
1132576 1296864
1132576 1322976
1164832 1239008
1164832 1253344
1164832 1296864
1164832 1322976
1164832 1362912
1243680 1253344
1243680 1296864
1243680 1322976
1243680 1362912
1243680 1393120
1263648 1296864
1263648 1322976
1263648 1362912
1263648 1393120
1263648 1408992
1298464 1322976
1298464 1362912
1298464 1393120
1298464 1408992
1298464 1437664
1326112 1362912
1326112 1393120
1326112 1408992
1326112 1437664
1326112 1498080
1366560 1393120
1366560 1408992
1366560 1437664
1366560 1498080
1366560 1520096
1397792 1408992
1397792 1437664
1397792 1498080
1397792 1520096
1397792 1563616
1413152 1437664
1413152 1498080
1413152 1520096
1413152 1563616
1413152 1594336
1442336 1498080
1442336 1520096
1442336 1563616
1442336 1594336
1442336 1688032
1503264 1520096
1503264 1563616
1503264 1594336
1503264 1688032
1503264 1708512
1521696 1563616
1521696 1594336
1521696 1688032
1521696 1708512
1521696 1737184
1570336 1594336
1570336 1688032
1570336 1708512
1570336 1737184
1570336 1836000
1599520 1688032
1599520 1708512
1599520 1737184
1599520 1836000
1693728 1708512
1693728 1737184
1693728 1836000
1693728 1944032
1693728 2004960
1714720 1737184
1714720 1836000
1714720 1944032
1714720 2004960
1755168 1836000
1755168 1944032
1755168 2004960
1755168 2036704
1755168 2073056
183840 216032
183840 317408
183840 375264
183840 454112
183840 488928
1839136 1944032
1839136 2004960
1839136 2036704
1839136 2073056
1839136 2157536
1949728 2004960
1949728 2036704
1949728 2073056
1949728 2157536
1949728 2183648
2016800 2036704
2016800 2073056
2016800 2157536
2016800 2183648
2016800 2212832
2039328 2073056
2039328 2157536
2039328 2183648
2039328 2212832
2039328 2294240
2076704 2157536
2076704 2183648
2076704 2212832
2076704 2294240
2076704 2365408
2160672 2183648
2160672 2212832
2160672 2294240
2160672 2365408
2160672 2375648
2197024 2212832
2197024 2294240
2197024 2365408
2197024 2375648
2197024 2403808
2216480 2294240
2216480 2365408
2216480 2375648
2216480 2403808
2216480 2430944
223776 317408
223776 375264
223776 454112
223776 488928
223776 528864
2300960 2365408
2300960 2375648
2300960 2403808
2300960 2430944
2300960 2551776
2367008 2375648
2367008 2403808
2367008 2430944
2367008 2551776
2367008 2572256
2393632 2403808
2393632 2430944
2393632 2551776
2393632 2572256
2393632 2600416
2406944 2430944
2406944 2551776
2406944 2572256
2406944 2600416
2406944 2638304
2436128 2551776
2436128 2572256
2436128 2600416
2436128 2638304
2554400 2572256
2554400 2600416
2554400 2638304
2554400 2763232
2554400 2824672
2575904 2600416
2575904 2638304
2575904 2763232
2575904 2824672
2575904 2853344
2607648 2638304
2607648 2763232
2607648 2824672
2607648 2853344
2607648 2882016
2641952 2763232
2641952 2824672
2641952 2853344
2641952 2882016
2641952 2901984
2773024 2824672
2773024 2853344
2773024 2882016
2773024 2901984
2773024 2911200
2827296 2853344
2827296 2882016
2827296 2901984
2827296 2911200
2827296 2986976
2861600 2882016
2861600 2901984
2861600 2911200
2861600 2986976
2861600 3011040
2884640 2901984
2884640 2911200
2884640 2986976
2884640 3011040
2884640 3046880
2904608 2911200
2904608 2986976
2904608 3011040
2904608 3046880
2904608 3111904
2923040 2986976
2923040 3011040
2923040 3046880
2923040 3111904
2923040 3151840
2989088 3011040
2989088 3046880
2989088 3111904
2989088 3151840
2989088 3207136
3014176 3046880
3014176 3111904
3014176 3151840
3014176 3207136
3014176 3259360
3049504 3111904
3049504 3151840
3049504 3207136
3049504 3259360
3049504 3297760
3119648 3151840
3119648 3207136
3119648 3259360
3119648 3297760
3119648 3342816
3157536 3207136
3157536 3259360
3157536 3297760
3157536 3342816
3157536 3363296
3211808 3259360
3211808 3297760
3211808 3342816
3211808 3363296
3211808 3386848
324640 375264
324640 454112
324640 488928
324640 528864
324640 579040
3266080 3297760
3266080 3342816
3266080 3363296
3266080 3386848
3266080 3437536
3319328 3342816
3319328 3363296
3319328 3386848
3319328 3437536
3319328 3475424
3344928 3363296
3344928 3386848
3344928 3437536
3344928 3475424
3344928 3533280
3365408 3386848
3365408 3437536
3365408 3475424
3365408 3533280
3365408 3608032
3388960 3437536
3388960 3475424
3388960 3533280
3388960 3608032
3388960 3705824
3439136 3475424
3439136 3533280
3439136 3608032
3439136 3705824
3479584 3533280
3479584 3608032
3479584 3705824
3541024 3608032
3541024 3705824
3541024 3816928
3620384 3705824
3620384 3816928
3620384 3866592
3620384 3874272
3620384 3929568
3718176 3816928
3718176 3866592
3718176 3874272
3718176 3929568
3718176 3971552
379936 454112
379936 488928
379936 528864
379936 579040
379936 688608
3822112 3866592
3822112 3874272
3822112 3929568
3822112 3971552
3822112 4044768
3869216 3874272
3869216 3929568
3869216 3971552
3869216 4044768
3869216 4061152
3884576 3929568
3884576 3971552
3884576 4044768
3884576 4061152
3884576 4079584
3939360 3971552
3939360 4044768
3939360 4061152
3939360 4079584
3939360 4156384
3976224 4044768
3976224 4061152
3976224 4079584
3976224 4156384
3976224 4179424
4048416 4061152
4048416 4079584
4048416 4156384
4048416 4179424
4048416 4207584
4065312 4079584
4065312 4156384
4065312 4179424
4065312 4207584
4065312 4227040
4096544 4156384
4096544 4179424
4096544 4207584
4096544 4227040
4096544 4244448
4167200 4179424
4167200 4207584
4167200 4227040
4167200 4244448
4167200 4271584
4185632 4207584
4185632 4227040
4185632 4244448
4185632 4271584
4185632 4303328
4212256 4227040
4212256 4244448
4212256 4271584
4212256 4303328
4212256 4364768
4230176 4244448
4230176 4271584
4230176 4303328
4230176 4364768
4230176 4391904
4249120 4271584
4249120 4303328
4249120 4364768
4249120 4391904
4249120 4431328
4273696 4303328
4273696 4364768
4273696 4391904
4273696 4431328
4273696 4452832
4310560 4364768
4310560 4391904
4310560 4431328
4310560 4452832
4310560 4467680
4366368 4391904
4366368 4431328
4366368 4452832
4366368 4467680
4366368 4519904
4402208 4431328
4402208 4452832
4402208 4467680
4402208 4519904
4402208 4537312
4437024 4452832
4437024 4467680
4437024 4519904
4437024 4537312
4437024 4555232
4457504 4467680
4457504 4519904
4457504 4537312
4457504 4555232
4457504 4616160
4475936 4519904
4475936 4537312
4475936 4555232
4475936 4616160
4475936 4670944
4525088 4537312
4525088 4555232
4525088 4616160
4525088 4670944
4525088 4695008
4539424 4555232
4539424 4616160
4539424 4670944
4539424 4695008
4539424 4708832
4562976 4616160
4562976 4670944
4562976 4695008
4562976 4708832
4562976 4780000
4621856 4670944
4621856 4695008
4621856 4708832
4621856 4780000
4621856 4829152
4673568 4695008
4673568 4708832
4673568 4780000
4673568 4829152
4673568 4866528
468512 488928
468512 528864
468512 579040
468512 688608
468512 712672
4698144 4708832
4698144 4780000
4698144 4829152
4698144 4866528
4698144 4941792
4718624 4780000
4718624 4829152
4718624 4866528
4718624 4941792
4718624 5005792
4783648 4829152
4783648 4866528
4783648 4941792
4783648 5005792
4783648 5031392
4833312 4866528
4833312 4941792
4833312 5005792
4833312 5031392
4833312 5127136
4872224 4941792
4872224 5005792
4872224 5031392
4872224 5127136
4872224 5171680
495136 528864
495136 579040
495136 688608
495136 712672
495136 756704
4951584 5005792
4951584 5031392
4951584 5127136
4951584 5171680
4951584 5253088
5010464 5031392
5010464 5127136
5010464 5171680
5010464 5253088
5010464 5293536
5041184 5127136
5041184 5171680
5041184 5253088
5041184 5293536
5041184 5316576
5143072 5171680
5143072 5253088
5143072 5293536
5143072 5316576
5143072 5342176
5176352 5253088
5176352 5293536
5176352 5316576
5176352 5342176
5176352 5424608
5263392 5293536
5263392 5316576
5263392 5342176
5263392 5424608
5263392 5440480
5300256 5316576
5300256 5342176
5300256 5424608
5300256 5440480
5300256 5493216
5319200 5342176
5319200 5424608
5319200 5440480
5319200 5493216
5319200 5527520
535072 579040
535072 688608
535072 712672
535072 756704
535072 789984
5350944 5424608
5350944 5440480
5350944 5493216
5350944 5527520
5350944 5560800
5427232 5440480
5427232 5493216
5427232 5527520
5427232 5560800
5427232 5574624
5450272 5493216
5450272 5527520
5450272 5560800
5450272 5574624
5450272 5590496
5496864 5527520
5496864 5560800
5496864 5574624
5496864 5590496
5496864 5622752
5532704 5560800
5532704 5574624
5532704 5590496
5532704 5622752
5532704 5731296
5565472 5574624
5565472 5590496
5565472 5622752
5565472 5731296
5565472 5793760
5578272 5590496
5578272 5622752
5578272 5731296
5578272 5793760
5578272 5844960
5607968 5622752
5607968 5731296
5607968 5793760
5607968 5844960
5607968 5899232
5626912 5731296
5626912 5793760
5626912 5844960
5626912 5899232
5748768 5793760
5748768 5844960
5748768 5899232
5748768 5992928
5748768 6046176
5803552 5844960
5803552 5899232
5803552 5992928
5803552 6046176
5803552 6072288
5855776 5899232
5855776 5992928
5855776 6046176
5855776 6072288
585760 688608
585760 712672
585760 756704
585760 789984
585760 817120
5912608 5992928
5912608 6046176
5912608 6072288
5912608 6192096
5912608 6214624
6000672 6046176
6000672 6072288
6000672 6192096
6000672 6214624
6000672 6236128
6051360 6072288
6051360 6192096
6051360 6214624
6051360 6236128
6051360 6274528
6083616 6192096
6083616 6214624
6083616 6236128
6083616 6274528
6083616 6334432
6196256 6214624
6196256 6236128
6196256 6274528
6196256 6334432
6196256 6353376
6218272 6236128
6218272 6274528
6218272 6334432
6218272 6353376
6218272 6406112
6247456 6274528
6247456 6334432
6247456 6353376
6247456 6406112
6247456 6452704
6284320 6334432
6284320 6353376
6284320 6406112
6284320 6452704
6284320 6483424
6339104 6353376
6339104 6406112
6339104 6452704
6339104 6483424
6339104 6534112
6356512 6406112
6356512 6452704
6356512 6483424
6356512 6534112
6356512 6545888
6419488 6452704
6419488 6483424
6419488 6534112
6419488 6545888
6419488 6596064
6456864 6483424
6456864 6534112
6456864 6545888
6456864 6596064
6456864 6615520
6487584 6534112
6487584 6545888
6487584 6596064
6487584 6615520
6487584 6664160
6540832 6545888
6540832 6596064
6540832 6615520
6540832 6664160
6540832 6707680
6560288 6596064
6560288 6615520
6560288 6664160
6560288 6707680
6560288 6796256
6598176 6615520
6598176 6664160
6598176 6707680
6598176 6796256
6598176 6861280
6624800 6664160
6624800 6707680
6624800 6796256
6624800 6861280
6624800 6875616
6668832 6707680
6668832 6796256
6668832 6861280
6668832 6875616
6668832 6914016
6720032 6796256
6720032 6861280
6720032 6875616
6720032 6914016
6720032 6953440
6805024 6861280
6805024 6875616
6805024 6914016
6805024 6953440
6805024 6978016
6864928 6875616
6864928 6914016
6864928 6953440
6864928 6978016
6864928 7000032
6881824 6914016
6881824 6953440
6881824 6978016
6881824 7000032
6881824 7037920
690720 712672
690720 756704
690720 789984
690720 817120
690720 859104
6917152 6953440
6917152 6978016
6917152 7000032
6917152 7037920
6917152 7101920
6959136 6978016
6959136 7000032
6959136 7037920
6959136 7101920
6959136 7121376
6982176 7000032
6982176 7037920
6982176 7101920
6982176 7121376
6982176 7139808
7007776 7037920
7007776 7101920
7007776 7121376
7007776 7139808
7007776 7181280
7051808 7101920
7051808 7121376
7051808 7139808
7051808 7181280
7051808 7254496
7106592 7121376
7106592 7139808
7106592 7181280
7106592 7254496
7106592 7375328
7128608 7139808
7128608 7181280
7128608 7254496
7128608 7375328
7147552 7181280
7147552 7254496
7147552 7375328
717344 756704
717344 789984
717344 817120
717344 859104
717344 870368
7212064 7254496
7212064 7375328
7212064 7468512
7258144 7375328
7258144 7468512
7387168 7468512
7387168 7596512
7387168 7670752
7387168 7696352
7479328 7596512
7479328 7670752
7479328 7696352
7479328 7742944
7479328 7768032
758304 789984
758304 817120
758304 859104
758304 870368
758304 966112
7608352 7670752
7608352 7696352
7608352 7742944
7608352 7768032
7608352 7798240
7673888 7696352
7673888 7742944
7673888 7768032
7673888 7798240
7673888 7829472
7702048 7742944
7702048 7768032
7702048 7798240
7702048 7829472
7702048 7859168
7753248 7768032
7753248 7798240
7753248 7829472
7753248 7859168
7753248 7890912
7774752 7798240
7774752 7829472
7774752 7859168
7774752 7890912
7774752 7920096
7802400 7829472
7802400 7859168
7802400 7890912
7802400 7920096
7802400 7984096
7832096 7859168
7832096 7890912
7832096 7920096
7832096 7984096
7832096 8070112
7865888 7890912
7865888 7920096
7865888 7984096
7865888 8070112
7893024 7920096
7893024 7984096
7893024 8070112
7926816 7984096
7926816 8070112
7926816 8218080
7926816 8244192
794144 817120
794144 859104
794144 870368
794144 966112
794144 986592
7992352 8070112
7992352 8218080
7992352 8244192
8078368 8218080
8078368 8244192
8078368 8337888
8078368 8374240
8221728 8244192
8221728 8337888
8221728 8374240
8221728 8436704
8221728 8487904
8260128 8337888
8260128 8374240
8260128 8436704
8260128 8487904
8260128 8545760
8343072 8374240
8343072 8436704
8343072 8487904
8343072 8545760
8343072 8612320
8387104 8436704
8387104 8487904
8387104 8545760
8387104 8612320
8387104 8647648
839712 1026528
839712 859104
839712 870368
839712 966112
839712 986592
8438304 8487904
8438304 8545760
8438304 8612320
8438304 8647648
8438304 8702944
8492064 8545760
8492064 8612320
8492064 8647648
8492064 8702944
8492064 8731104
8560160 8612320
8560160 8647648
8560160 8702944
8560160 8731104
8560160 8799200
861216 1026528
861216 1040864
861216 870368
861216 966112
861216 986592
8614944 8647648
8614944 8702944
8614944 8731104
8614944 8799200
8614944 8813536
8652832 8702944
8652832 8731104
8652832 8799200
8652832 8813536
8652832 8863712
8706592 8731104
8706592 8799200
8706592 8813536
8706592 8863712
8706592 8905696
8744480 8799200
8744480 8813536
8744480 8863712
8744480 8905696
8744480 8958944
878624 1026528
878624 1040864
878624 1058272
878624 966112
878624 986592
8801312 8813536
8801312 8863712
8801312 8905696
8801312 8958944
8801312 8978400
8817184 8863712
8817184 8905696
8817184 8958944
8817184 8978400
8817184 9047008
8876064 8905696
8876064 8958944
8876064 8978400
8876064 9047008
8876064 9073120
8912928 8958944
8912928 8978400
8912928 9047008
8912928 9073120
8912928 9116128
8960544 8978400
8960544 9047008
8960544 9073120
8960544 9116128
8960544 9125856
8986656 9047008
8986656 9073120
8986656 9116128
8986656 9125856
8986656 9138144
9049632 9073120
9049632 9116128
9049632 9125856
9049632 9138144
9049632 9198560
9084960 9116128
9084960 9125856
9084960 9138144
9084960 9198560
9084960 9274848
9117728 9125856
9117728 9138144
9117728 9198560
9117728 9274848
9117728 9350112
9127456 9138144
9127456 9198560
9127456 9274848
9127456 9350112
9127456 9369568
9154080 9198560
9154080 9274848
9154080 9350112
9154080 9369568
9154080 9412064
9212960 9274848
9212960 9350112
9212960 9369568
9212960 9412064
9212960 9496032
9276448 9350112
9276448 9369568
9276448 9412064
9276448 9496032
9276448 9589728
9351712 9369568
9351712 9412064
9351712 9496032
9351712 9589728
9351712 9609696
9383456 9412064
9383456 9496032
9383456 9589728
9383456 9609696
9383456 9635296
9415200 9496032
9415200 9589728
9415200 9609696
9415200 9635296
9415200 9704928
9504800 9589728
9504800 9609696
9504800 9635296
9504800 9704928
9504800 9735648
9592864 9609696
9592864 9635296
9592864 9704928
9592864 9735648
9592864 9757664
9620000 9635296
9620000 9704928
9620000 9735648
9620000 9757664
9620000 9794528
9644064 9704928
9644064 9735648
9644064 9757664
9644064 9794528
9644064 9855968
9710112 9735648
9710112 9757664
9710112 9794528
9710112 9855968
9710112 9873376
9738272 9757664
9738272 9794528
9738272 9855968
9738272 9873376
9738272 9934816
974368 1026528
974368 1040864
974368 1058272
974368 1092576
974368 986592
9761824 9794528
9761824 9855968
9761824 9873376
9761824 9934816
9761824 9961440
9800224 10026976
9800224 9855968
9800224 9873376
9800224 9934816
9800224 9961440
9859616 10026976
9859616 10050016
9859616 9873376
9859616 9934816
9859616 9961440
9886240 10026976
9886240 10050016
9886240 10094048
9886240 9934816
9886240 9961440
989728 1026528
989728 1040864
989728 1058272
989728 1092576
989728 1120736
9936928 10026976
9936928 10050016
9936928 10094048
9936928 10121696
9936928 9961440
9968672 10026976
9968672 10050016
9968672 10094048
9968672 10121696
9968672 10162144
